{
 "cells": [
  {
   "cell_type": "markdown",
   "metadata": {},
   "source": [
    "# Distance Matrix Report\n",
    "### Team Argonne"
   ]
  },
  {
   "cell_type": "code",
   "execution_count": 79,
   "metadata": {},
   "outputs": [],
   "source": [
    "import pandas as pd\n",
    "import numpy as np\n",
    "from scipy.spatial import distance_matrix"
   ]
  },
  {
   "cell_type": "markdown",
   "metadata": {},
   "source": [
    "## Abstract\n",
    "Short summary about the data and what it tells you about your project. "
   ]
  },
  {
   "cell_type": "markdown",
   "metadata": {},
   "source": [
    "## Data input\n",
    "In this section include code that reads in the csv file"
   ]
  },
  {
   "cell_type": "code",
   "execution_count": 90,
   "metadata": {},
   "outputs": [
    {
     "data": {
      "text/html": [
       "<div>\n",
       "<style scoped>\n",
       "    .dataframe tbody tr th:only-of-type {\n",
       "        vertical-align: middle;\n",
       "    }\n",
       "\n",
       "    .dataframe tbody tr th {\n",
       "        vertical-align: top;\n",
       "    }\n",
       "\n",
       "    .dataframe thead th {\n",
       "        text-align: right;\n",
       "    }\n",
       "</style>\n",
       "<table border=\"1\" class=\"dataframe\">\n",
       "  <thead>\n",
       "    <tr style=\"text-align: right;\">\n",
       "      <th></th>\n",
       "      <th>ARFL</th>\n",
       "      <th>Argonne</th>\n",
       "      <th>Boeing</th>\n",
       "      <th>Delta Dental</th>\n",
       "      <th>Ford</th>\n",
       "      <th>Hope Village</th>\n",
       "      <th>Kellogg's</th>\n",
       "      <th>Neogen</th>\n",
       "      <th>Old Nation</th>\n",
       "      <th>Qside</th>\n",
       "    </tr>\n",
       "  </thead>\n",
       "  <tbody>\n",
       "    <tr>\n",
       "      <th>0</th>\n",
       "      <td>7</td>\n",
       "      <td>4</td>\n",
       "      <td>9</td>\n",
       "      <td>8</td>\n",
       "      <td>3</td>\n",
       "      <td>0</td>\n",
       "      <td>6</td>\n",
       "      <td>2</td>\n",
       "      <td>5</td>\n",
       "      <td>1</td>\n",
       "    </tr>\n",
       "    <tr>\n",
       "      <th>1</th>\n",
       "      <td>0</td>\n",
       "      <td>1</td>\n",
       "      <td>3</td>\n",
       "      <td>2</td>\n",
       "      <td>4</td>\n",
       "      <td>8</td>\n",
       "      <td>6</td>\n",
       "      <td>5</td>\n",
       "      <td>7</td>\n",
       "      <td>9</td>\n",
       "    </tr>\n",
       "    <tr>\n",
       "      <th>2</th>\n",
       "      <td>3</td>\n",
       "      <td>2</td>\n",
       "      <td>1</td>\n",
       "      <td>6</td>\n",
       "      <td>0</td>\n",
       "      <td>8</td>\n",
       "      <td>5</td>\n",
       "      <td>4</td>\n",
       "      <td>7</td>\n",
       "      <td>9</td>\n",
       "    </tr>\n",
       "    <tr>\n",
       "      <th>3</th>\n",
       "      <td>8</td>\n",
       "      <td>7</td>\n",
       "      <td>3</td>\n",
       "      <td>9</td>\n",
       "      <td>4</td>\n",
       "      <td>5</td>\n",
       "      <td>0</td>\n",
       "      <td>6</td>\n",
       "      <td>1</td>\n",
       "      <td>2</td>\n",
       "    </tr>\n",
       "    <tr>\n",
       "      <th>4</th>\n",
       "      <td>0</td>\n",
       "      <td>2</td>\n",
       "      <td>1</td>\n",
       "      <td>8</td>\n",
       "      <td>7</td>\n",
       "      <td>3</td>\n",
       "      <td>9</td>\n",
       "      <td>6</td>\n",
       "      <td>4</td>\n",
       "      <td>5</td>\n",
       "    </tr>\n",
       "  </tbody>\n",
       "</table>\n",
       "</div>"
      ],
      "text/plain": [
       "   ARFL  Argonne  Boeing  Delta Dental  Ford  Hope Village  Kellogg's  Neogen  \\\n",
       "0     7        4       9             8     3             0          6       2   \n",
       "1     0        1       3             2     4             8          6       5   \n",
       "2     3        2       1             6     0             8          5       4   \n",
       "3     8        7       3             9     4             5          0       6   \n",
       "4     0        2       1             8     7             3          9       6   \n",
       "\n",
       "   Old Nation  Qside  \n",
       "0           5      1  \n",
       "1           7      9  \n",
       "2           7      9  \n",
       "3           1      2  \n",
       "4           4      5  "
      ]
     },
     "execution_count": 90,
     "metadata": {},
     "output_type": "execute_result"
    }
   ],
   "source": [
    "df = pd.read_csv('2022_Project_distance_Matrix.csv')\n",
    "df.head()"
   ]
  },
  {
   "cell_type": "markdown",
   "metadata": {},
   "source": [
    "## Data Cleaning\n",
    "In this section provide code for converting the raw data into clean and usable data structures (if needed)"
   ]
  },
  {
   "cell_type": "code",
   "execution_count": 91,
   "metadata": {
    "scrolled": true
   },
   "outputs": [
    {
     "data": {
      "text/html": [
       "<div>\n",
       "<style scoped>\n",
       "    .dataframe tbody tr th:only-of-type {\n",
       "        vertical-align: middle;\n",
       "    }\n",
       "\n",
       "    .dataframe tbody tr th {\n",
       "        vertical-align: top;\n",
       "    }\n",
       "\n",
       "    .dataframe thead th {\n",
       "        text-align: right;\n",
       "    }\n",
       "</style>\n",
       "<table border=\"1\" class=\"dataframe\">\n",
       "  <thead>\n",
       "    <tr style=\"text-align: right;\">\n",
       "      <th></th>\n",
       "      <th>ARFL</th>\n",
       "      <th>Argonne</th>\n",
       "      <th>Boeing</th>\n",
       "      <th>Delta Dental</th>\n",
       "      <th>Ford</th>\n",
       "      <th>Hope Village</th>\n",
       "      <th>Kellogg's</th>\n",
       "      <th>Neogen</th>\n",
       "      <th>Old Nation</th>\n",
       "      <th>Qside</th>\n",
       "    </tr>\n",
       "  </thead>\n",
       "  <tbody>\n",
       "    <tr>\n",
       "      <th>ARFL</th>\n",
       "      <td>0.000000</td>\n",
       "      <td>17.691806</td>\n",
       "      <td>20.591260</td>\n",
       "      <td>23.706539</td>\n",
       "      <td>27.018512</td>\n",
       "      <td>31.764760</td>\n",
       "      <td>29.512709</td>\n",
       "      <td>20.074860</td>\n",
       "      <td>27.820855</td>\n",
       "      <td>29.816103</td>\n",
       "    </tr>\n",
       "    <tr>\n",
       "      <th>Argonne</th>\n",
       "      <td>17.691806</td>\n",
       "      <td>0.000000</td>\n",
       "      <td>18.303005</td>\n",
       "      <td>23.895606</td>\n",
       "      <td>24.758837</td>\n",
       "      <td>29.631065</td>\n",
       "      <td>29.051678</td>\n",
       "      <td>20.928450</td>\n",
       "      <td>27.110883</td>\n",
       "      <td>29.799329</td>\n",
       "    </tr>\n",
       "    <tr>\n",
       "      <th>Boeing</th>\n",
       "      <td>20.591260</td>\n",
       "      <td>18.303005</td>\n",
       "      <td>0.000000</td>\n",
       "      <td>29.154759</td>\n",
       "      <td>26.832816</td>\n",
       "      <td>36.565011</td>\n",
       "      <td>29.883106</td>\n",
       "      <td>21.977261</td>\n",
       "      <td>32.155870</td>\n",
       "      <td>35.199432</td>\n",
       "    </tr>\n",
       "    <tr>\n",
       "      <th>Delta Dental</th>\n",
       "      <td>23.706539</td>\n",
       "      <td>23.895606</td>\n",
       "      <td>29.154759</td>\n",
       "      <td>0.000000</td>\n",
       "      <td>25.806976</td>\n",
       "      <td>26.925824</td>\n",
       "      <td>27.766887</td>\n",
       "      <td>24.879711</td>\n",
       "      <td>26.907248</td>\n",
       "      <td>27.694765</td>\n",
       "    </tr>\n",
       "    <tr>\n",
       "      <th>Ford</th>\n",
       "      <td>27.018512</td>\n",
       "      <td>24.758837</td>\n",
       "      <td>26.832816</td>\n",
       "      <td>25.806976</td>\n",
       "      <td>0.000000</td>\n",
       "      <td>33.481338</td>\n",
       "      <td>28.618176</td>\n",
       "      <td>23.895606</td>\n",
       "      <td>34.263683</td>\n",
       "      <td>34.655447</td>\n",
       "    </tr>\n",
       "    <tr>\n",
       "      <th>Hope Village</th>\n",
       "      <td>31.764760</td>\n",
       "      <td>29.631065</td>\n",
       "      <td>36.565011</td>\n",
       "      <td>26.925824</td>\n",
       "      <td>33.481338</td>\n",
       "      <td>0.000000</td>\n",
       "      <td>26.832816</td>\n",
       "      <td>26.645825</td>\n",
       "      <td>15.394804</td>\n",
       "      <td>14.071247</td>\n",
       "    </tr>\n",
       "    <tr>\n",
       "      <th>Kellogg's</th>\n",
       "      <td>29.512709</td>\n",
       "      <td>29.051678</td>\n",
       "      <td>29.883106</td>\n",
       "      <td>27.766887</td>\n",
       "      <td>28.618176</td>\n",
       "      <td>26.832816</td>\n",
       "      <td>0.000000</td>\n",
       "      <td>24.248711</td>\n",
       "      <td>27.147744</td>\n",
       "      <td>23.916521</td>\n",
       "    </tr>\n",
       "    <tr>\n",
       "      <th>Neogen</th>\n",
       "      <td>20.074860</td>\n",
       "      <td>20.928450</td>\n",
       "      <td>21.977261</td>\n",
       "      <td>24.879711</td>\n",
       "      <td>23.895606</td>\n",
       "      <td>26.645825</td>\n",
       "      <td>24.248711</td>\n",
       "      <td>0.000000</td>\n",
       "      <td>23.259407</td>\n",
       "      <td>25.337719</td>\n",
       "    </tr>\n",
       "    <tr>\n",
       "      <th>Old Nation</th>\n",
       "      <td>27.820855</td>\n",
       "      <td>27.110883</td>\n",
       "      <td>32.155870</td>\n",
       "      <td>26.907248</td>\n",
       "      <td>34.263683</td>\n",
       "      <td>15.394804</td>\n",
       "      <td>27.147744</td>\n",
       "      <td>23.259407</td>\n",
       "      <td>0.000000</td>\n",
       "      <td>15.459625</td>\n",
       "    </tr>\n",
       "    <tr>\n",
       "      <th>Qside</th>\n",
       "      <td>29.816103</td>\n",
       "      <td>29.799329</td>\n",
       "      <td>35.199432</td>\n",
       "      <td>27.694765</td>\n",
       "      <td>34.655447</td>\n",
       "      <td>14.071247</td>\n",
       "      <td>23.916521</td>\n",
       "      <td>25.337719</td>\n",
       "      <td>15.459625</td>\n",
       "      <td>0.000000</td>\n",
       "    </tr>\n",
       "  </tbody>\n",
       "</table>\n",
       "</div>"
      ],
      "text/plain": [
       "                   ARFL    Argonne     Boeing  Delta Dental       Ford  \\\n",
       "ARFL           0.000000  17.691806  20.591260     23.706539  27.018512   \n",
       "Argonne       17.691806   0.000000  18.303005     23.895606  24.758837   \n",
       "Boeing        20.591260  18.303005   0.000000     29.154759  26.832816   \n",
       "Delta Dental  23.706539  23.895606  29.154759      0.000000  25.806976   \n",
       "Ford          27.018512  24.758837  26.832816     25.806976   0.000000   \n",
       "Hope Village  31.764760  29.631065  36.565011     26.925824  33.481338   \n",
       "Kellogg's     29.512709  29.051678  29.883106     27.766887  28.618176   \n",
       "Neogen        20.074860  20.928450  21.977261     24.879711  23.895606   \n",
       "Old Nation    27.820855  27.110883  32.155870     26.907248  34.263683   \n",
       "Qside         29.816103  29.799329  35.199432     27.694765  34.655447   \n",
       "\n",
       "              Hope Village  Kellogg's     Neogen  Old Nation      Qside  \n",
       "ARFL             31.764760  29.512709  20.074860   27.820855  29.816103  \n",
       "Argonne          29.631065  29.051678  20.928450   27.110883  29.799329  \n",
       "Boeing           36.565011  29.883106  21.977261   32.155870  35.199432  \n",
       "Delta Dental     26.925824  27.766887  24.879711   26.907248  27.694765  \n",
       "Ford             33.481338  28.618176  23.895606   34.263683  34.655447  \n",
       "Hope Village      0.000000  26.832816  26.645825   15.394804  14.071247  \n",
       "Kellogg's        26.832816   0.000000  24.248711   27.147744  23.916521  \n",
       "Neogen           26.645825  24.248711   0.000000   23.259407  25.337719  \n",
       "Old Nation       15.394804  27.147744  23.259407    0.000000  15.459625  \n",
       "Qside            14.071247  23.916521  25.337719   15.459625   0.000000  "
      ]
     },
     "execution_count": 91,
     "metadata": {},
     "output_type": "execute_result"
    }
   ],
   "source": [
    "dis = pd.DataFrame(distance_matrix(df.T, df.T), index=df.T.index, columns=df.T.index)\n",
    "dis"
   ]
  },
  {
   "cell_type": "code",
   "execution_count": 92,
   "metadata": {},
   "outputs": [
    {
     "data": {
      "text/plain": [
       "{'ARFL': [1, 2, 4, 5, 3],\n",
       " 'Argonne': [0, 0, 0],\n",
       " 'Boeing': [2, 1, 4, 5, 1],\n",
       " 'Delta Dental': [7, 8, 7],\n",
       " 'Ford': [2, 2, 1, 4, 4, 2],\n",
       " 'Hope Village': [4, 3, 8, 7, 5],\n",
       " \"Kellogg's\": [7, 4, 6],\n",
       " 'Neogen': [3, 2, 7],\n",
       " 'Old Nation': [9, 4, 3, 5],\n",
       " 'Qside': [4, 3]}"
      ]
     },
     "execution_count": 92,
     "metadata": {},
     "output_type": "execute_result"
    }
   ],
   "source": [
    "review = {}\n",
    "\n",
    "for col in df.columns:\n",
    "    team = pd.DataFrame(df[col])\n",
    "    for idx in team[team[col] == 0].index:\n",
    "        try:\n",
    "            review[col].append(df.iloc[int(idx)].Argonne)\n",
    "        except KeyError:\n",
    "            review[col] = []\n",
    "            review[col].append(df.iloc[int(idx)].Argonne)\n",
    "review    "
   ]
  },
  {
   "cell_type": "code",
   "execution_count": 93,
   "metadata": {},
   "outputs": [
    {
     "data": {
      "text/plain": [
       "{'ARFL': 3.0,\n",
       " 'Argonne': 0.0,\n",
       " 'Boeing': 2.6,\n",
       " 'Delta Dental': 7.333333333333333,\n",
       " 'Ford': 2.5,\n",
       " 'Hope Village': 5.4,\n",
       " \"Kellogg's\": 5.666666666666667,\n",
       " 'Neogen': 4.0,\n",
       " 'Old Nation': 5.25,\n",
       " 'Qside': 3.5}"
      ]
     },
     "execution_count": 93,
     "metadata": {},
     "output_type": "execute_result"
    }
   ],
   "source": [
    "avg = {}\n",
    "\n",
    "for k,v in review.items():\n",
    "    avg[k] = sum(v)/len(v)\n",
    "    \n",
    "avg        "
   ]
  },
  {
   "cell_type": "markdown",
   "metadata": {},
   "source": [
    "## Data Modeling\n",
    "\n",
    "This section that builds a model.  This doesn't have to be all that advanced. You should probably start with some simple statistical models such as an average distance matrix."
   ]
  },
  {
   "cell_type": "markdown",
   "metadata": {},
   "source": [
    "## Data Visualization\n",
    "\n",
    "This section make some graphs visualizing your results.  A distance matrix and/or network graph may be cool.  Think though the best way to show what you learned."
   ]
  },
  {
   "cell_type": "markdown",
   "metadata": {},
   "source": [
    "## Conclusion\n",
    "\n",
    "This should be similar to the abstract but with more details. What can you conclude about your project from this data?"
   ]
  }
 ],
 "metadata": {
  "kernelspec": {
   "display_name": "Python 3",
   "language": "python",
   "name": "python3"
  },
  "language_info": {
   "codemirror_mode": {
    "name": "ipython",
    "version": 3
   },
   "file_extension": ".py",
   "mimetype": "text/x-python",
   "name": "python",
   "nbconvert_exporter": "python",
   "pygments_lexer": "ipython3",
   "version": "3.8.5"
  }
 },
 "nbformat": 4,
 "nbformat_minor": 5
}
